Game_ID,Away win,Draw,Home Win
ID_8518U587,0.09123934946222863,0.5057462709742497,0.4030143795635216
ID_H49BIKG7,0.08753215826123184,0.20323093256206817,0.7092369091767
ID_PO6SP4VA,0.30186128349639985,0.41008726267048096,0.2880514538331191
ID_MZRCNBAQ,0.7068991072650789,0.12568182242257786,0.1674190703123432
ID_CV9VOLIU,0.09187475829206068,0.20778145495035413,0.7003437867575852
ID_EP02V6O9,0.04985785375850783,0.07707701994859369,0.8730651262928986
ID_D1BKOMNB,0.4614926604544937,0.3286225454591572,0.20988479408634908
ID_GGFY5Z38,0.08332950321588839,0.411604540325467,0.5050659564586446
ID_YQ6DCSJJ,0.3121085139540589,0.4681634000436693,0.2197280860022718
ID_ZIMAODWU,0.5090881690079565,0.327890351836127,0.16302147915591653
ID_H6V0DHCM,0.23008979931702375,0.3502691862295081,0.41964101445346813
ID_EFUM1IB3,0.07417821736132472,0.18550724842005262,0.7403145342186226
ID_7H9RUYR2,0.0915858187775481,0.3489160438923465,0.5594981373301054
ID_7JTHUMTF,0.06914833367213402,0.2097575388840815,0.7210941274437845
ID_VZDE4BA3,0.4157539653628982,0.290940577114309,0.29330545752279286
ID_1Y735BT9,0.3361641549586295,0.29520449648654845,0.36863134855482205
ID_C51DS9XE,0.1748879140590877,0.3740326781986461,0.4510794077422662
ID_EEAWBOYL,0.10709204680316091,0.6365909735805666,0.2563169796162725
ID_OKHY3GBQ,0.1097472442490027,0.23292031103194102,0.6573324447190562
ID_JKJP61NL,0.24838305397391283,0.48249498583026185,0.2691219601958253
ID_ZRZC49M1,0.12524888330331324,0.3388049730318899,0.5359461436647968
ID_NQGKKQRG,0.6697415694752715,0.18621065040657825,0.14404778011815011
ID_KL74YZ1W,0.23713301771698497,0.31044313316283023,0.45242384912018474
ID_D4BBONMS,0.1975594251783107,0.24827414315412008,0.5541664316675692
ID_E4NAVOHG,0.15757409141661596,0.5724078948178148,0.2700180137655693
ID_8AKT073X,0.20470618523923245,0.2587276511377631,0.5365661636230044
ID_SGHWIP1E,0.4271102035472973,0.32812882025066753,0.2447609762020352
ID_OHS6RR07,0.07918910552184164,0.2941687149412707,0.6266421795368876
ID_0BFR12C0,0.41650717905206386,0.41911313602040706,0.16437968492752908
ID_O3EQ8WEA,0.1671599993573835,0.12877690832987207,0.7040630923127444
ID_PD70LTRE,0.2607854158588653,0.2891767947130488,0.4500377894280859
ID_B9JSESNH,0.5082729074674243,0.33648147276196666,0.15524561977060905
ID_7ZQ7E7Q2,0.1355523712974113,0.47098396898588113,0.39346365971670766
ID_S2ZLOYQU,0.35779590617016205,0.412526077808144,0.22967801602169396
ID_UUQYAGBP,0.5245753459114578,0.26473266062753253,0.21069199346100956
ID_2BHM1MAF,0.24059263086031582,0.4103953283187603,0.34901204082092385
ID_2B96PJLU,0.4258648775190437,0.38924242078659665,0.18489270169435967
ID_QKWD8147,0.6542008564907773,0.23908067996926108,0.10671846353996159
ID_NMRV6S78,0.07123785265573723,0.18460834886572036,0.7441537984785425
ID_NQX0L8NJ,0.35830415385381753,0.35536783331323746,0.28632801283294496
ID_GGRLN92Z,0.1942923253230094,0.5642442874218778,0.24146338725511277
ID_8LEIJZJI,0.5989087614557496,0.22131214190787069,0.17977909663637984
ID_H4WRH27A,0.5170459153930425,0.20041870827085542,0.28253537633610215
ID_TRN20YF5,0.45274383071572244,0.2840426345305668,0.26321353475371084
ID_313CQJ6L,0.4242968338305772,0.30127031311039365,0.2744328530590291
ID_60EADYBI,0.41255765891199125,0.295685777138881,0.29175656394912775
ID_4Q60CD7W,0.46191807288149445,0.2759747564277086,0.2621071706907969
ID_LWI3010X,0.3243080384936118,0.2777826294312621,0.3979093320751262
ID_N4FNUPW8,0.27152375250945704,0.338535158878479,0.38994108861206395
ID_G91KCS98,0.08177852077369913,0.4106576255646984,0.5075638536616025
ID_RFU5FMC8,0.058678841243318916,0.327922155005232,0.6133990037514493
ID_GBP5RWBW,0.44542438187671535,0.298289664635342,0.2562859534879427
ID_EWFWK6L1,0.08616402547131032,0.39491536938669697,0.5189206051419928
ID_QCQ20X8Y,0.062392266913322024,0.2564155609447937,0.6811921721418843
ID_03VRW8WV,0.08096161260502074,0.5395703881091307,0.3794679992858485
ID_XQGYMP2Q,0.27224152929799067,0.5202778181347357,0.2074806525672736
ID_A46DVQWP,0.24192161025621367,0.3951940175939586,0.3628843721498277
ID_0UB8ADG9,0.520794792523248,0.389760757327697,0.08944445014905504
ID_FDCEHVOD,0.31013858727978727,0.47515222881002456,0.21470918391018814
ID_SY9KA6L3,0.2176860398579669,0.3503694594749267,0.4319445006671064
ID_RX2CNZIS,0.44542438187671535,0.298289664635342,0.2562859534879427
ID_B3NVY9HP,0.4346131613623201,0.29762513484219766,0.26776170379548225
ID_MXDJNYS9,0.2835869307669808,0.5687731859956504,0.14763988323736868
ID_WJIU8X3N,0.32141367507278534,0.42142877587154687,0.25715754905566773
ID_DYAVEIYE,0.11479163371612937,0.1335937721979562,0.7516145940859145
ID_L80OJ6QI,0.5552720223402012,0.243783397477313,0.20094458018248576
ID_A5U63MGQ,0.16195452648411962,0.20192067386054902,0.6361247996553314
ID_B5ED50XX,0.486583737707558,0.24844015323804874,0.2649761090543934
ID_2X3AC0BS,0.07722535502697014,0.2977981285940082,0.6249765163790217
ID_ZTDZNU6I,0.30085696969688724,0.3317063981461353,0.3674366321569774
ID_B32VWKSX,0.5963581788611462,0.22971077075229798,0.17393105038655585
ID_D8RLSTH5,0.42440699686499084,0.36340948426645525,0.21218351886855386
ID_7RVSY2WQ,0.42297127747713487,0.3774816860922683,0.1995470364305969
ID_DLPZZFIJ,0.7320126961012898,0.18763380412613434,0.08035349977257604
ID_IPJJKELT,0.5312552559599327,0.305381193636353,0.16336355040371425
ID_MM9562CN,0.6955104395188165,0.18338388912825312,0.12110567135293045
ID_ZJC5BV5Z,0.15497887694400328,0.5193473036017101,0.32567381945428653
ID_HNY0SOAW,0.28365181371826426,0.3246305215171295,0.39171766476460623
ID_RPNHBU1X,0.4006813455549443,0.40642832598529777,0.19289032845975795
ID_L1OMXXIV,0.28648449077332344,0.4501193666513627,0.2633961425753138
ID_QPA4T2QH,0.4887727994744777,0.2068270485717602,0.304400151953762
ID_VP9Q1486,0.23726007208040506,0.5690764157973559,0.19366351212223903
ID_PK7PTLYZ,0.05423498437309208,0.1854823449997896,0.7602826706271183
ID_EU409IWG,0.5857115931919354,0.3213942054740658,0.09289420133399873
ID_XWL7CYH2,0.06144836023560594,0.19949684190693037,0.7390547978574638
ID_1J98M9UL,0.06784200649624905,0.3688810340602101,0.563276959443541
ID_EETOBLMQ,0.22698753367783625,0.6227423656114258,0.15027010071073804
ID_ZD3UQK1K,0.3176843829994743,0.5380117387058869,0.14430387829463887
ID_DSZ1VC2A,0.05763526321730901,0.1335975054239068,0.8087672313587844
ID_3SIVKWL4,0.36600881866294765,0.4374543092477673,0.19653687208928503
ID_BR430MM1,0.1830416582953682,0.5866560871588821,0.23030225454574982
ID_4G117ZRE,0.398670602853779,0.33071340483173556,0.2706159923144854
ID_XK39LD7P,0.44614118071982434,0.31142234084705095,0.2424364784331247
ID_QQYS31OV,0.14427651830966212,0.35591634808213646,0.4998071336082014
ID_EVSAW1BF,0.1875705212578817,0.5165979650423617,0.2958315136997567
ID_7ZBSNKA9,0.4909245216453882,0.30661924764247767,0.20245623071213412
ID_4M8BH80D,0.3391826390086901,0.21441379912636074,0.44640356186494917
ID_QV0XBIAB,0.08285923170662954,0.16408506047393012,0.7530557078194403
ID_ZMO6O1V6,0.2739290526892531,0.2709554211961861,0.45511552611456085
ID_EVTW8X2J,0.3969026296533918,0.3843641227655653,0.21873324758104284
ID_TEHN7MG2,0.549289976065214,0.31558636323032113,0.13512366070446488
ID_DN9ALJT4,0.32462198831839306,0.5582566966246585,0.1171213150569486
ID_3I1STYJX,0.04723410110659076,0.13837661057105555,0.8143892883223538
ID_X9050P7D,0.1246789699171468,0.6177466859561,0.2575743441267533
ID_PJ53WB0E,0.27773452513416064,0.5408448585752934,0.18142061629054596
ID_AB2XN1F5,0.35426071624370836,0.18847781317723178,0.4572614705790599
ID_N0UG6G1F,0.20011955935491957,0.117849625251861,0.6820308153932195
ID_PYMMJPRC,0.1979471476337251,0.37973791324681255,0.4223149391194623
ID_0H4KVTOZ,0.07051884227171865,0.1929810532914929,0.7365001044367886
ID_KSKX84HK,0.44542438187671535,0.298289664635342,0.2562859534879427
ID_8QTW09GB,0.44542438187671535,0.298289664635342,0.2562859534879427
ID_HRER0KI5,0.44542438187671535,0.298289664635342,0.2562859534879427
ID_FKNOHQ2F,0.12570986536498013,0.2705387883832878,0.603751346251732
ID_9H3FH940,0.40943188689533494,0.33999956904020456,0.2505685440644604
ID_TRXZ1689,0.16487509928145108,0.5734257445620324,0.26169915615651645
ID_H6H66KH2,0.1807649895939444,0.3210846414429461,0.49815036896310955
ID_U8OKJQV2,0.34392034279379724,0.4777699386251923,0.17830971858101047
ID_WRQ0YFYZ,0.5373974661101247,0.2986538432173086,0.16394869067256673
ID_AFHJCI8U,0.0653797201264874,0.18613487715487878,0.7484854027186337
ID_JZ6N5FRO,0.32326355678818763,0.38948986668444324,0.2872465765273691
ID_3TIWWKU9,0.6238962581153331,0.23958247848179332,0.13652126340287363
ID_JFIU2R4K,0.15870131661713446,0.359372176596555,0.4819265067863105
ID_56ZZJ9EI,0.29548117497052295,0.46744748326609786,0.23707134176337924
ID_OBS64UDF,0.14359245292107817,0.29156544021008574,0.5648421068688361
ID_SA37C0V7,0.39898601310898363,0.38452849357230734,0.2164854933187091
ID_HTSWMY3T,0.1267027457106631,0.32978365952801664,0.5435135947613202
ID_NFN5I5XU,0.4832653683378741,0.19351421858821527,0.32322041307391075
ID_S2N3NDJS,0.1505303509659422,0.32202856923375994,0.5274410798002979
ID_05YW7A1R,0.13276495679245706,0.4027150645026767,0.46451997870486617
ID_W1EF4MOT,0.13499716937677825,0.4621425153152228,0.402860315307999
ID_OB71L9F1,0.5139922131911047,0.31280542185898885,0.17320236494990643
ID_LJF4GEZC,0.5172321611753714,0.28429777929106753,0.19847005953356103
ID_7MWJO1RG,0.09127341314116352,0.17364741922006094,0.7350791676387756
ID_9FMP4X22,0.07471336496499419,0.1758480386981781,0.7494385963368277
ID_8ZJMCSAG,0.7307473708292844,0.20318141005832632,0.06607121911238936
ID_A84IUATV,0.34910579266538405,0.4686174609729905,0.18227674636162539
ID_ANHOSW6K,0.7435983257939229,0.17703499566908337,0.0793666785369938
ID_MPA7FT70,0.23788541192406187,0.4772394874833082,0.28487510059262994
ID_7DM8G9SL,0.5167383290458597,0.299485254120242,0.1837764168338984
ID_06SV1XSM,0.3619057664268661,0.22215398088583868,0.41594025268729523
ID_JNE2K1SS,0.5321802012644508,0.28409049237542633,0.183729306360123
ID_86GTEWAA,0.3466757500644871,0.4567335420220854,0.1965907079134275
ID_2DMNO9QP,0.4357935780415521,0.3989260160586777,0.16528040589977017
ID_JA9L72HB,0.045127281817341956,0.15968580554326892,0.7951869126393892
ID_A0EALXUP,0.0626944003419192,0.14274127730979252,0.7945643223482882
ID_MNGV4C4L,0.162940897349708,0.3394600298780342,0.49759907277225784
ID_5LFD56QF,0.06891072115719832,0.2557543213454051,0.6753349574973966
ID_KR88Y90B,0.059390649439653796,0.23652005308382756,0.7040892974765186
ID_YMK5WFEQ,0.3804988407213837,0.27275118626468975,0.3467499730139265
ID_BK1X6A61,0.21086256506719864,0.2743872711020028,0.5147501638307985
ID_YSOEYNCU,0.4071377688475474,0.24178998878534216,0.3510722423671104
ID_QHZJNHVX,0.054468381471062866,0.33813270411162416,0.607398914417313
ID_9UVQHS74,0.429715506775992,0.4340867650638865,0.1361977281601215
ID_UOTGKHS3,0.33456950086054454,0.26460513027086313,0.4008253688685923
ID_IG3ZU2ZF,0.19890882781465796,0.15491234716583122,0.6461788250195107
ID_85W3ZWMS,0.49947759348995124,0.29782168733329145,0.20270071917675736
ID_F2M9J1QJ,0.6656058378174403,0.08347877072924681,0.2509153914533129
ID_PK1XYY2J,0.3920454367187478,0.4743740091023043,0.13358055417894785
ID_LUDJ2HBX,0.0652507208131897,0.2121828818790228,0.7225663973077875
ID_7Q5V45IR,0.3892119041152566,0.46871650785933616,0.14207158802540723
ID_3SHIZPTH,0.08470316634220074,0.36162044842486823,0.5536763852329311
ID_IPWDET7J,0.5401988911478598,0.36110311380664667,0.09869799504549355
ID_2WSDLFNM,0.4165398104789036,0.3592565932235131,0.22420359629758332
ID_5RTFVRBT,0.2794976181514227,0.477692739286468,0.2428096425621092
ID_YU30VY06,0.43877845430773393,0.48898891530682426,0.0722326303854417
ID_PBON8UC5,0.19419496880414702,0.29140053999269044,0.5144044912031626
ID_4KXP34GC,0.5734639573736429,0.29122768441041796,0.13530835821593915
ID_B8ZVJSX7,0.13034230916352701,0.43922945312405987,0.43042823771241306
ID_064HV3UA,0.10533014520278641,0.38273510289829593,0.5119347518989177
ID_TFI6B51W,0.06411781840423542,0.37006720918075997,0.5658149724150047
ID_P98LF0O1,0.09315250290628227,0.240216944466863,0.6666305526268548
ID_JHECYNWP,0.284855126627003,0.503369470485709,0.21177540288728808
ID_GOMKISKS,0.22011114167677204,0.5536165634860246,0.2262722948372034
ID_AOLHJTW3,0.08505865476725527,0.15979631259210558,0.755145032640639
ID_VEHWAM3N,0.07097090054697587,0.15107451446391834,0.7779545849891056
ID_H5QG5VMD,0.06976726431058845,0.17664096576325244,0.7535917699261592
ID_JMF7GIUY,0.4699733121822004,0.3367367611054589,0.19328992671234063
ID_KJBPWWIH,0.6335934411186229,0.24180132048706104,0.124605238394316
ID_MJ8THLEX,0.36452082217874954,0.39458517515331437,0.24089400266793612
ID_IBRGSBOA,0.1833167197515455,0.13783176129949204,0.6788515189489626
ID_0OW7LBXH,0.5810497779126007,0.18947533881181822,0.22947488327558113
ID_1YF71544,0.35084074935242743,0.2495852345531911,0.39957401609438153
ID_YP3N91A2,0.1502075093887906,0.2632894211393627,0.5865030694718467
ID_MWXN4B53,0.224288932086189,0.2281359243297476,0.5475751435840633
ID_RRYKCVJW,0.15109993368568114,0.6994205187437936,0.1494795475705252
ID_08N8KYTM,0.10670863728162275,0.2533097057746,0.6399816569437773
ID_CVL86B7P,0.2787711338926434,0.27526345649926987,0.4459654096080867
ID_OBSKQ4V1,0.12714621903630152,0.3429415434160027,0.5299122375476959
ID_ON6TBDP7,0.281067619863985,0.49190986229102435,0.22702251784499067
ID_9P65QCMQ,0.07542128476189175,0.31017867700889395,0.6144000382292143
ID_UIJNWDX2,0.11885842649247458,0.34714122528465025,0.5340003482228751
ID_Q0QMD9X9,0.15097977636615525,0.16786556084022947,0.6811546627936153
ID_0D97CTM2,0.08580710609222911,0.2181737557373177,0.6960191381704532
ID_W5BFF5QC,0.5763408774789156,0.19411640024051824,0.2295427222805663
ID_WDL1IC3Y,0.1802611420621459,0.6967377732307053,0.1230010847071487
ID_25GTI42K,0.36688101477858304,0.3266959623198697,0.30642302290154727
ID_LVP6C9HW,0.3810980477332992,0.4649479765232066,0.1539539757434943
ID_XBT7BBZD,0.141814820179288,0.5965597490628846,0.26162543075782735
ID_FEOI64KN,0.06531723905517306,0.1338577585461318,0.8008250023986951
ID_1KCBWUKE,0.4468729407836419,0.2821820661304671,0.27094499308589093
ID_568NZHSC,0.17634713377939137,0.5131492210162437,0.31050364520436485
ID_K06LVF2G,0.14772712245619243,0.509564053077252,0.34270882446655554
ID_MP4ONP0P,0.4709804531568377,0.4095018126941274,0.11951773414903484
ID_ZQOB9ZQL,0.5444774761985822,0.28320840443918005,0.17231411936223767
ID_GLACPTCA,0.10578627908414133,0.172057185414127,0.7221565355017318
ID_1JGSZL4I,0.07192863777547245,0.2502421712736872,0.6778291909508404
ID_6NMJFGI6,0.07855782243638554,0.16419319526896659,0.7572489822946479
ID_V8L2BWZV,0.3111283938599459,0.44765501481209496,0.24121659132795922
ID_ZUPS2JD2,0.6471740810753911,0.21953092934176924,0.13329498958283975
ID_O50PFEVT,0.4902168839242381,0.3770382804405643,0.13274483563519757
ID_JXNNMUJK,0.09156429468251666,0.38501436741000433,0.523421337907479
ID_IM6OHCK8,0.11448045204796169,0.42244361985107554,0.46307592810096276
ID_6DCVCZN8,0.2025194477073192,0.49734616579353225,0.30013438649914864
ID_RT5HR95R,0.09037908759824283,0.29924810632384957,0.6103728060779076
ID_7HWNZT53,0.337756293056594,0.4362928502679407,0.22595085667546527
ID_7SH1NGU4,0.09674109201852352,0.2884762525955491,0.6147826553859275
ID_IGWZ8LQR,0.24057738965467607,0.3632335065812867,0.39618910376403715
ID_QR4DQRG1,0.44542438187671535,0.298289664635342,0.2562859534879427
ID_133YXY0T,0.44542438187671535,0.298289664635342,0.2562859534879427
ID_XVGLDCOL,0.5381282687864714,0.2983779721464955,0.16349375906703312
ID_GI90U9RD,0.44542438187671535,0.298289664635342,0.2562859534879427
ID_BXLQY78T,0.44542438187671535,0.298289664635342,0.2562859534879427
ID_YLIXN9AV,0.44542438187671535,0.298289664635342,0.2562859534879427
ID_530FN5PE,0.3657800734622702,0.34795290324141054,0.28626702329631926
ID_FRUGDE4G,0.44542438187671535,0.298289664635342,0.2562859534879427
ID_LTB6HGNO,0.44542438187671535,0.298289664635342,0.2562859534879427
ID_KD5JPIY4,0.44542438187671535,0.298289664635342,0.2562859534879427
ID_GVX36W01,0.44542438187671535,0.298289664635342,0.2562859534879427
ID_EMIAV5PV,0.44542438187671535,0.298289664635342,0.2562859534879427
ID_QKQ00O16,0.44542438187671535,0.298289664635342,0.2562859534879427
ID_172V2IXW,0.44542438187671535,0.298289664635342,0.2562859534879427
ID_2ZK5TE39,0.44542438187671535,0.298289664635342,0.2562859534879427
ID_IS54QGW9,0.44542438187671535,0.298289664635342,0.2562859534879427
ID_YG9IONLS,0.4346131613623201,0.29762513484219766,0.26776170379548225
