Game_ID,Away win,Draw,Home Win
ID_8518U587,0.07440285815223319,0.6871159306311737,0.23848121121659305
ID_H49BIKG7,0.015245355742642495,0.0996576616134142,0.8850969826439433
ID_PO6SP4VA,0.3874958089990695,0.5915675524867121,0.020936638514218297
ID_MZRCNBAQ,0.47195591492690575,0.23120123862341369,0.2968428464496806
ID_CV9VOLIU,0.02201859523294902,0.10003950199531655,0.8779419027717345
ID_EP02V6O9,0.03537011380728168,0.02268093079791539,0.941948955394803
ID_D1BKOMNB,0.2760960777656537,0.17879661013026416,0.5451073121040821
ID_GGFY5Z38,0.006128119434928464,0.9022485226889037,0.09162335787616796
ID_YQ6DCSJJ,0.28737624653337523,0.3827855816610062,0.32983817180561853
ID_ZIMAODWU,0.6181399181718423,0.2734904087888647,0.1083696730392929
ID_H6V0DHCM,0.009264257012254124,0.9530182843504598,0.03771745863728612
ID_EFUM1IB3,0.02408942956290961,0.6516381451235116,0.32427242531357886
ID_7H9RUYR2,0.21714754051247048,0.09124663710414183,0.6916058223833876
ID_7JTHUMTF,0.032584056580852686,0.2796689604155061,0.6877469830036411
ID_VZDE4BA3,0.7935243698352897,0.05289797220549136,0.1535776579592189
ID_1Y735BT9,0.467159271131435,0.33027513421301224,0.20256559465555277
ID_C51DS9XE,0.06251631848862924,0.13718336249763458,0.8003003190137361
ID_EEAWBOYL,0.10793719234731532,0.2522968265286854,0.6397659811239993
ID_OKHY3GBQ,0.10004353813083541,0.584223367355551,0.3157330945136136
ID_JKJP61NL,0.017016233179670506,0.9082840160949923,0.07469975072533708
ID_ZRZC49M1,0.01212029637204574,0.8950613341938306,0.09281836943412365
ID_NQGKKQRG,0.6141448318413701,0.27722848590570004,0.10862668225292982
ID_KL74YZ1W,0.6889027504525924,0.0911062788025174,0.2199909707448901
ID_D4BBONMS,0.06970929714532015,0.10490130053471478,0.825389402319965
ID_E4NAVOHG,0.10788751400578464,0.7227699932210376,0.16934249277317778
ID_8AKT073X,0.019482979048121726,0.8699577105567173,0.11055931039516101
ID_SGHWIP1E,0.827600986357494,0.06077750961323196,0.11162150402927387
ID_OHS6RR07,0.036392340901987966,0.04010639610883984,0.9235012629891722
ID_0BFR12C0,0.022189026930146533,0.9420290072525452,0.03578196581730813
ID_O3EQ8WEA,0.09182781784159084,0.05121430918314252,0.8569578729752667
ID_PD70LTRE,0.04675075091249625,0.08315129850130791,0.8700979505861959
ID_B9JSESNH,0.4516899613786965,0.3517441034298636,0.19656593519143983
ID_7ZQ7E7Q2,0.01281764515403322,0.957680337583964,0.029502017262002772
ID_S2ZLOYQU,0.5887788109510544,0.1594219198942441,0.2517992691547016
ID_UUQYAGBP,0.01577508117722552,0.9672747989235055,0.016950119899268958
ID_2BHM1MAF,0.8132696067880856,0.07493944879289066,0.11179094441902376
ID_2B96PJLU,0.6408797799387268,0.34700382683488695,0.012116393226386284
ID_QKWD8147,0.7381459908740535,0.184984328833896,0.0768696802920504
ID_NMRV6S78,0.009596431218287977,0.15449781198337992,0.8359057567983321
ID_NQX0L8NJ,0.369731497685755,0.5101908861260457,0.12007761618819937
ID_GGRLN92Z,0.035304357629518245,0.7227334956641888,0.24196214670629293
ID_8LEIJZJI,0.8047598618877372,0.18624550356376485,0.008994634548498052
ID_H4WRH27A,0.028814004225593996,0.9521455396240301,0.019040456150375782
ID_TRN20YF5,0.6674042048113814,0.2784287456865788,0.05416704950203976
ID_313CQJ6L,0.8821693595188335,0.08611029688323352,0.031720343597933014
ID_60EADYBI,0.8911002822628377,0.03258011184582636,0.07631960589133585
ID_4Q60CD7W,0.6020529957645016,0.21244897270221458,0.1854980315332839
ID_LWI3010X,0.6093315513500015,0.3276007568458363,0.06306769180416223
ID_N4FNUPW8,0.04067675590009307,0.1619722377955589,0.7973510063043481
ID_G91KCS98,0.08241145220581748,0.1622431162151882,0.7553454315789943
ID_RFU5FMC8,0.0315461069616978,0.0912029025117548,0.8772509905265474
ID_GBP5RWBW,0.05005950393407186,0.808245795226921,0.1416947008390071
ID_EWFWK6L1,0.005738288731562951,0.7684109891692116,0.22585072209922538
ID_QCQ20X8Y,0.020170540267555933,0.25062574651180114,0.7292037132206429
ID_03VRW8WV,0.10115844539798591,0.7167444267369844,0.18209712786502974
ID_XQGYMP2Q,0.01043512058865751,0.95185201899382,0.03771286041752246
ID_A46DVQWP,0.18002307285933794,0.5279990553984049,0.29197787174225714
ID_0UB8ADG9,0.7747907991609928,0.13507640636724752,0.09013279447175969
ID_FDCEHVOD,0.05560922233309071,0.8882056579244569,0.05618511974245237
ID_SY9KA6L3,0.2914808977388704,0.40100215183751015,0.3075169504236195
ID_RX2CNZIS,0.045946058235230895,0.8196244040346112,0.13442953773015784
ID_B3NVY9HP,0.03553670993645999,0.8799469344522393,0.08451635561130073
ID_MXDJNYS9,0.7911693974880304,0.09274328995694872,0.1160873125550209
ID_WJIU8X3N,0.18351417327495384,0.7145180109954433,0.1019678157296028
ID_DYAVEIYE,0.033707633115474374,0.34641953610231097,0.6198728307822146
ID_L80OJ6QI,0.875347770916632,0.052251996636097475,0.0724002324472707
ID_A5U63MGQ,0.04139193760197851,0.05866543573005751,0.899942626667964
ID_B5ED50XX,0.12148993472225562,0.7992411115464818,0.07926895373126269
ID_2X3AC0BS,0.02267084339872432,0.07419626303234438,0.9031328935689313
ID_ZTDZNU6I,0.010178492834189902,0.8766115768641297,0.11320993030168036
ID_B32VWKSX,0.22676074024105922,0.5344100962571556,0.23882916350178518
ID_D8RLSTH5,0.009693359074599284,0.895835566911102,0.09447107401429874
ID_7RVSY2WQ,0.03224718790478864,0.8901164762989819,0.07763633579622926
ID_DLPZZFIJ,0.6118923799000694,0.3548714540771334,0.0332361660227972
ID_IPJJKELT,0.02980088404509305,0.925036516886887,0.04516259906801984
ID_MM9562CN,0.7569156157774526,0.2173933680124498,0.0256910162100976
ID_ZJC5BV5Z,0.07996639391261914,0.09110246422117227,0.8289311418662086
ID_HNY0SOAW,0.02664488429734339,0.9082223247177342,0.0651327909849223
ID_RPNHBU1X,0.30009081901798357,0.6148254870188925,0.08508369396312385
ID_L1OMXXIV,0.6268621385654874,0.19171694132066802,0.18142092011384453
ID_QPA4T2QH,0.03680165932918396,0.841653289301501,0.12154505136931493
ID_VP9Q1486,0.08364966263488587,0.5848184914726685,0.33153184589244566
ID_PK7PTLYZ,0.1088485970752721,0.1431356676546036,0.7480157352701242
ID_EU409IWG,0.954884062254942,0.030273423212687837,0.014842514532370168
ID_XWL7CYH2,0.027506267757683635,0.2624268813570491,0.7100668508852672
ID_1J98M9UL,0.04016822699242282,0.5094538700281849,0.4503779029793923
ID_EETOBLMQ,0.6677061324588707,0.12997200262560155,0.20232186491552784
ID_ZD3UQK1K,0.021920074264382028,0.9467387819621622,0.03134114377345566
ID_DSZ1VC2A,0.04254343421674661,0.1256748374209654,0.8317817283622879
ID_3SIVKWL4,0.35422995240958277,0.36995930260931364,0.27581074498110364
ID_BR430MM1,0.05134478796140657,0.16630841431708962,0.7823467977215037
ID_4G117ZRE,0.6500226782470305,0.2641533625860488,0.08582395916692072
ID_XK39LD7P,0.07670688731625559,0.8744492993736543,0.048843813310089954
ID_QQYS31OV,0.022627965784167356,0.7319262104679919,0.24544582374784085
ID_EVSAW1BF,0.0814942677617364,0.23718703017821863,0.681318702060045
ID_7ZBSNKA9,0.4079935806149456,0.29486073492110587,0.2971456844639486
ID_4M8BH80D,0.032322466442852776,0.02819791635488766,0.9394796172022597
ID_QV0XBIAB,0.011493312262002302,0.022221531159032033,0.9662851565789656
ID_ZMO6O1V6,0.1818530715564016,0.5576128216273811,0.26053410681621725
ID_EVTW8X2J,0.0998910962522595,0.48035149848860104,0.4197574052591394
ID_TEHN7MG2,0.7638390038517562,0.10967716425951866,0.1264838318887252
ID_DN9ALJT4,0.5437861309720647,0.4322660898760983,0.023947779151836993
ID_3I1STYJX,0.045028967017985616,0.10451249087952523,0.8504585421024892
ID_X9050P7D,0.011422757436704126,0.961855307367163,0.026721935196132862
ID_PJ53WB0E,0.047397563488297864,0.16920370530413142,0.7833987312075706
ID_AB2XN1F5,0.042845067919363926,0.059039483582658106,0.8981154484979779
ID_N0UG6G1F,0.07587257354816648,0.09437450685285032,0.8297529195989832
ID_PYMMJPRC,0.096536288376079,0.14474908878921341,0.7587146228347076
ID_0H4KVTOZ,0.014219905159623937,0.10492726410607532,0.8808528307343008
ID_KSKX84HK,0.052832987107121976,0.8583771408612755,0.08878987203160257
ID_8QTW09GB,0.06505578625501278,0.7906303839357385,0.14431382980924864
ID_HRER0KI5,0.03877070044954685,0.8715984635603068,0.08963083599014643
ID_FKNOHQ2F,0.04577409107643855,0.17201984467957415,0.7822060642439873
ID_9H3FH940,0.8165784962866218,0.11272173400883947,0.07069976970453884
ID_TRXZ1689,0.04702150375288046,0.20514713135462576,0.7478313648924937
ID_H6H66KH2,0.21052439170801818,0.20307595009351065,0.5863996581984712
ID_U8OKJQV2,0.4372577805840774,0.5389607926649365,0.023781426750986105
ID_WRQ0YFYZ,0.17768424483408335,0.15646478685718762,0.665850968308729
ID_AFHJCI8U,0.005429277964455331,0.02250017938064713,0.9720705426548976
ID_JZ6N5FRO,0.02103670015761452,0.9260914846446832,0.0528718151977024
ID_3TIWWKU9,0.7573988793341447,0.22518814369795817,0.01741297696789705
ID_JFIU2R4K,0.12259813351902715,0.0746022478333781,0.8027996186475947
ID_56ZZJ9EI,0.3872075158359716,0.3404277113677002,0.27236477279632815
ID_OBS64UDF,0.21689490266585443,0.11265075946089141,0.6704543378732541
ID_SA37C0V7,0.5520952160032145,0.4121995404857367,0.03570524351104879
ID_HTSWMY3T,0.012151337279313003,0.8857310460491004,0.10211761667158667
ID_NFN5I5XU,0.5626299359581531,0.09300103614390103,0.3443690278979459
ID_S2N3NDJS,0.771374920326473,0.11728036665917838,0.11134471301434862
ID_05YW7A1R,0.01935991309451833,0.08459120980827833,0.8960488770972034
ID_W1EF4MOT,0.10032447848017079,0.0614899725382243,0.8381855489816049
ID_OB71L9F1,0.11007937445320974,0.6188383454520551,0.27108228009473523
ID_LJF4GEZC,0.25271514899132724,0.38268196572947,0.3646028852792028
ID_7MWJO1RG,0.05371392782622744,0.02009553368873652,0.926190538485036
ID_9FMP4X22,0.0084234302433286,0.7467544585155436,0.2448221112411278
ID_8ZJMCSAG,0.8094704229791254,0.17832516589230213,0.012204411128572372
ID_A84IUATV,0.10472939996578659,0.4392259497599122,0.45604465027430124
ID_ANHOSW6K,0.5646025941709261,0.2114565852478705,0.22394082058120351
ID_MPA7FT70,0.6499071504894661,0.26488663035496224,0.08520621915557161
ID_7DM8G9SL,0.44059087111779305,0.23823396144814346,0.3211751674340635
ID_06SV1XSM,0.49563693685168947,0.379773510633966,0.12458955251434445
ID_JNE2K1SS,0.7293994518949725,0.12482769945172896,0.14577284865329868
ID_86GTEWAA,0.5714308309800679,0.3924366776705305,0.03613249134940176
ID_2DMNO9QP,0.021450362499719117,0.9316944090216291,0.04685522847865164
ID_JA9L72HB,0.006964949838883838,0.05233503649889213,0.9407000136622241
ID_A0EALXUP,0.020155124196047862,0.05153896627937226,0.92830590952458
ID_MNGV4C4L,0.030843006057341176,0.1450543685736218,0.824102625369037
ID_5LFD56QF,0.09919324815317875,0.07826098922423598,0.8225457626225853
ID_KR88Y90B,0.008101212557906357,0.043172682226363425,0.9487261052157302
ID_YMK5WFEQ,0.4937437151193043,0.14982836903811947,0.35642791584257627
ID_BK1X6A61,0.05819473339843767,0.20997492693588785,0.7318303396656745
ID_YSOEYNCU,0.12263897148263349,0.10511037660821768,0.7722506519091488
ID_QHZJNHVX,0.01317011610576188,0.12552101336315125,0.8613088705310868
ID_9UVQHS74,0.41062086538231457,0.5442946893741769,0.04508444524350856
ID_UOTGKHS3,0.0255377710687721,0.22295366628318794,0.75150856264804
ID_IG3ZU2ZF,0.1607710217659728,0.13967484336454467,0.6995541348694826
ID_85W3ZWMS,0.8149188301716837,0.10956564651486012,0.07551552331345633
ID_F2M9J1QJ,0.6563880483126805,0.23964348167515181,0.10396847001216766
ID_PK1XYY2J,0.34591615418906685,0.5750800138218022,0.07900383198913095
ID_LUDJ2HBX,0.04643997958986907,0.36033895290957074,0.5932210675005603
ID_7Q5V45IR,0.9193159133725515,0.029437809428033437,0.051246277199415186
ID_3SHIZPTH,0.010204220073307915,0.7983490816773906,0.19144669824930138
ID_IPWDET7J,0.8077528231560778,0.11092749293921991,0.08131968390470229
ID_2WSDLFNM,0.554784328987557,0.21666333457552528,0.2285523364369177
ID_5RTFVRBT,0.06873295864944173,0.5736354935817467,0.35763154776881156
ID_YU30VY06,0.9386044571757304,0.03587275537839328,0.025522787445876237
ID_PBON8UC5,0.03314227220224887,0.8308391266193645,0.13601860117838657
ID_4KXP34GC,0.3610817156887499,0.32774958809192595,0.3111686962193241
ID_B8ZVJSX7,0.01867007162585523,0.8743017396186984,0.10702818875544629
ID_064HV3UA,0.03797197848991372,0.2524685599919094,0.7095594615181768
ID_TFI6B51W,0.03300551332425054,0.6592389937024681,0.30775549297328136
ID_P98LF0O1,0.047856597219833846,0.12767229535382987,0.8244711074263363
ID_JHECYNWP,0.29336425244253256,0.42647262371533873,0.2801631238421286
ID_GOMKISKS,0.05289659781863999,0.910931572395449,0.036171829785911144
ID_AOLHJTW3,0.1349303439199852,0.17354768587520344,0.6915219702048114
ID_VEHWAM3N,0.10727971879627379,0.08851468118503994,0.8042056000186864
ID_H5QG5VMD,0.027997789558003132,0.05978767365278223,0.9122145367892146
ID_JMF7GIUY,0.037775470093020014,0.9457365662723887,0.01648796363459114
ID_KJBPWWIH,0.7637581643289019,0.1400499366925646,0.0961918989785335
ID_MJ8THLEX,0.34707771988640224,0.23530074438101561,0.4176215357325821
ID_IBRGSBOA,0.15027976751805044,0.06661434006601007,0.7831058924159395
ID_0OW7LBXH,0.7376694287392288,0.07409582977088264,0.1882347414898886
ID_1YF71544,0.6925233007898761,0.2169023401408073,0.09057435906931655
ID_YP3N91A2,0.010994861345100783,0.8310309281399123,0.1579742105149869
ID_MWXN4B53,0.036157950358935986,0.1256151159930631,0.8382269336480009
ID_RRYKCVJW,0.011690861248190429,0.97069910934509,0.01761002940671965
ID_08N8KYTM,0.028094796037829828,0.06923879702858177,0.9026664069335884
ID_CVL86B7P,0.06403816225964051,0.25068010333417623,0.6852817344061832
ID_OBSKQ4V1,0.11375841044536585,0.20507441774518045,0.6811671718094536
ID_ON6TBDP7,0.10184407914721368,0.19855025661775774,0.6996056642350286
ID_9P65QCMQ,0.29274046481533944,0.16122770471567274,0.5460318304689878
ID_UIJNWDX2,0.015230237638395932,0.5974523924887625,0.38731736987284154
ID_Q0QMD9X9,0.012505595083626846,0.8861055957505858,0.10138880916578734
ID_0D97CTM2,0.05152605194500795,0.3180445048590384,0.6304294431959536
ID_W5BFF5QC,0.2957512257534341,0.3845439350827879,0.319704839163778
ID_WDL1IC3Y,0.20645559097410227,0.6417056195137949,0.1518387895121029
ID_25GTI42K,0.6574001830908696,0.13826254862493725,0.20433726828419307
ID_LVP6C9HW,0.9174505143583339,0.052518672855808704,0.030030812785857522
ID_XBT7BBZD,0.009861490756368201,0.9156134895175423,0.07452501972608955
ID_FEOI64KN,0.05086892210996297,0.01790248277574697,0.93122859511429
ID_1KCBWUKE,0.7253511411658438,0.23099505284115684,0.04365380599299942
ID_568NZHSC,0.21536657809046095,0.4852329822849324,0.2994004396246067
ID_K06LVF2G,0.008759115489478251,0.8806951761495858,0.11054570836093586
ID_MP4ONP0P,0.4274295054778603,0.5368225444312993,0.035747950090840475
ID_ZQOB9ZQL,0.9535342002886575,0.039293095083435065,0.007172704627907273
ID_GLACPTCA,0.02197648508561496,0.03569206461115847,0.9423314503032265
ID_1JGSZL4I,0.04507221980226914,0.16940161553197172,0.7855261646657592
ID_6NMJFGI6,0.06750921712219408,0.04410191217192879,0.8883888707058771
ID_V8L2BWZV,0.8404552461677008,0.12487845786715851,0.034666295965140634
ID_ZUPS2JD2,0.21321442034919735,0.5679644999130155,0.2188210797377873
ID_O50PFEVT,0.6425708989622121,0.2934002822374955,0.06402881880029232
ID_JXNNMUJK,0.17440729901477342,0.223174470309289,0.6024182306759377
ID_IM6OHCK8,0.010530999496575166,0.7440790439302646,0.24538995657316032
ID_6DCVCZN8,0.18168881216904867,0.6170381904680902,0.20127299736286117
ID_RT5HR95R,0.013545142702774021,0.7317514061199555,0.25470345117727056
ID_7HWNZT53,0.4360668531369595,0.16686607316926763,0.397067073693773
ID_7SH1NGU4,0.03294190552414901,0.0568009085972987,0.9102571858785523
ID_IGWZ8LQR,0.6762741508666792,0.0651308879451742,0.2585949611881466
ID_QR4DQRG1,0.0387899124273753,0.871169014496844,0.09004107307578056
ID_133YXY0T,0.05146126028431165,0.8496133833213229,0.09892535639436552
ID_XVGLDCOL,0.601813577399985,0.3534175834544635,0.04476883914555152
ID_GI90U9RD,0.04059161354664421,0.8581872675432974,0.10122111891005836
ID_BXLQY78T,0.04883731868589901,0.8693277552082384,0.08183492610586261
ID_YLIXN9AV,0.03853066310664573,0.868799714187288,0.09266962270606631
ID_530FN5PE,0.02724266133568913,0.8537605780290088,0.11899676063530207
ID_FRUGDE4G,0.04037483675059325,0.8481255721140077,0.11149959113539906
ID_LTB6HGNO,0.04195606993373489,0.8521671773451939,0.10587675272107128
ID_KD5JPIY4,0.05013700042353944,0.791781299028347,0.15808170054811355
ID_GVX36W01,0.05128735511506337,0.7979136398235451,0.15079900506139143
ID_EMIAV5PV,0.03800955298819861,0.8698718885356662,0.09211855847613526
ID_QKQ00O16,0.037767703614444974,0.8609853359574401,0.10124696042811489
ID_172V2IXW,0.03825371505170838,0.8642455719872034,0.09750071296108818
ID_2ZK5TE39,0.03555987630159992,0.880727694301072,0.08371242939732808
ID_IS54QGW9,0.04132074814266386,0.8498559571926405,0.10882329466469566
ID_YG9IONLS,0.04055138513703785,0.8572034252927476,0.10224518957021449
